0.006949164963239585 0.007264781345555505 0.051642300151098476 0.056610145224043076
0.04805225377390359 0.020975889521843483 0.04801886611365785 0.05737331605278045
0.028299319911692367 0.0011174753025300133 0.04680871286752939 0.08616866869970506
0.06813288961347308 0.16708041714088112 0.07103696576328415 0.06408206713495922
0.06233947986763782 0.15802617687480536 0.00524734569821449 0.02074640304374642
0.05053921824436484 0.10752409555420261 0.09910830526821013 0.03317111353045691
0.009351978810680695 0.09310529223922269 0.07869864943445001 0.09340620446423539
0.07277601815505184 0.04923117680888152 0.03047916159535803 0.04835130272774211
0.08811830927168501 0.13393950240769395 0.015108253395758931 0.003905101923167254
0.09391551095100903 0.4787033170539239 0.2688318403559068 0.11450042791201057
0.11941027400638807 0.4650153670887144 0.20076768751348278 0.09006555857235346
0.08706631273856913 0.43101403926335924 0.2747996923773332 0.12079573856787139
0.15729769290725804 0.33052861342359297 0.13764894081406853 0.07021638895719842
0.07988176262458431 0.3709520856163987 0.32409338443993224 0.0997018864042448
0.16861097193867008 0.35269050387363965 0.26473989980586954 0.172671534410682
0.08756186317885724 0.38022149294830326 0.31194295928499716 0.17863191157176866
0.16004782208456336 0.47011872687309075 0.3205826033299992 0.07742981157326338
0.14491667933189284 0.4493427752875887 0.309360741692149 0.1413169926876528
0.12183598354733743 0.42393689627787523 0.20499039990817447 0.1215548061050552
0.12901611258902712 0.3963924328317042 0.20966973632908023 0.0907956363287363
0.14118269158219715 0.34584250570253633 0.2480611636018721 0.1490079265394895
0.16298763916551123 0.3819421506997604 0.10053982189286784 0.08942307134823263
0.08174462291969566 0.4206614200069966 0.10929259181951148 0.1158926704166486
0.0959144647509382 0.34613218763724335 0.09170970972363757 0.08942508326106038
0.08251355315115579 0.7373577814402407 0.4534051024443947 0.27150768717886387
0.09559942806035061 0.7266582581380964 0.482608527919476 0.2563453689217283
0.06901383103504923 0.7479852189304113 0.47193024623128155 0.3110070995994661
0.12525718089398336 0.7070283751394365 0.4595951977749743 0.2787582382970759
0.06012167611553052 0.6481253825738207 0.46519596886864756 0.25448763859307566
0.10788328891962953 0.5678682822040513 0.49257471764235916 0.2571215138432221
0.08474655183205854 0.7038365460772419 0.4854106722731044 0.2783283911176405
0.12930906287827693 0.7289564256634636 0.4647741343948457 0.276498872415967
0.06362665834544874 0.5634631938356135 0.4570661552526547 0.32735828033438064
0.06890709386158736 0.7354214890046289 0.46995160267387975 0.3132763955198394
0.09079427318146087 0.878769690571235 0.6131629076658698 0.5298741291993534
0.0960445038265425 0.8508372953886625 0.6035016391827278 0.4691294812179982
0.01096971532977178 0.8866186223424383 0.635584192533002 0.42880085467859586
0.021922564065924334 0.8236307144952193 0.6420384994665256 0.5045832727613055
8.78410528222684e-06 0.8622483667128571 0.6476592738633233 0.4783733902595474
0.08814768295340383 0.7964140871629779 0.6000834215868539 0.4274825651926529
0.019658190373838542 0.8916908607662251 0.6108237716962631 0.47199760157114234
0.07512976465791382 0.8156288626725715 0.6302328927623208 0.5396070763444456
0.09661880102218093 0.8421940069363751 0.6417040120837043 0.5349054241457345
0.09273941960114969 0.8661486703441367 0.6117163282126125 0.5110079219363263
0.045516830524066854 0.7651236482469936 0.6332575198842255 0.4673211745421122
0.048569568106775866 0.8675630202634608 0.6360967853207706 0.4021508229343893
0.01822465874095014 0.8504079711701693 0.6154488025244913 0.5353875864605439
0.027052973490836834 0.7698640419344165 0.6049742601189847 0.4060743374017368
0.0789152633545061 0.8359066448569211 0.6007340957716057 0.49809062711542956
0.040088880617619095 0.8943553888307599 0.6464221894840724 0.5155205787869771
0.007147979235053977 0.835056258561499 0.6368595461416588 0.49371087722624685
0.10839941763392473 0.76285440311169 0.6390214864378905 0.427543215248532
0.024668831263289292 0.8124057069870733 0.6448598349940077 0.49691635727492056
0.09262962824355435 0.7725408546684728 0.603673308078467 0.41689459573353865
0.05497328953226295 0.7829870431654805 0.6184048968628457 0.46809746798188023
0.05010728112928747 0.8263883844074237 0.6020140754877991 0.40109015644910256
0.024847987715992424 0.8794805027038661 0.6293272530948214 0.5421020502078172
0.029182611861914218 0.8397007610090708 0.6139635684415131 0.5378273922664026
0.10467148147224807 0.8403789863138389 0.6122061456410747 0.5462658744042209
0.07881996769645537 0.7711220590440887 0.6098315700543046 0.5285959151365387
0.12212403182206019 0.8368925451023709 0.6005556431563668 0.4863713456048353
0.0796860665834777 0.8231863537538963 0.6291743071837242 0.5196825708334208
0.017170900340417815 0.858619100900226 0.607382123724775 0.42821527225146133
0.025603177116782713 0.8578525018061129 0.6426739260822303 0.5349574196888907
0.10370880067116466 0.7570917183652525 0.6167271151004381 0.5028927441174912
0.08674847571100552 0.8612665260948708 0.6310400578219496 0.5083975660228752
0.10335694140769563 0.7830087769547145 0.6100082428211031 0.4952836423394991
0.04757196051212538 0.8426617545300831 0.6433498077946348 0.44317550201390277
0.050142817246441776 0.7661347856880489 0.6300518555406631 0.43725860918511006
0.007014502109136705 0.8136335387337374 0.6087159344124432 0.4643583499968652
0.08813537586978364 0.8375002462392327 0.6008540103592518 0.42120134307713764
0.04200149326485025 0.7567767011319254 0.6103591871140532 0.5078597245082858
0.12080675905664919 0.8875618148612296 0.6087732728767955 0.40039585241590336
0.012364728670093706 0.8621701807548026 0.6148723595013023 0.43394917454881804
0.002007669656262343 0.7551535582351765 0.6403464926306857 0.4262453734147556
0.0690064775882807 0.7541255368833736 0.6312005294304605 0.5486764234026156
0.10274654077423369 0.8439432751074364 0.6370787013591886 0.4374661599844022
0.19201407079000446 0.985115928981675 0.8399523458227899 0.6424457678716695
0.14353205461447327 0.8976448329282911 0.8638603284312887 0.6271347222445431
0.19380889194007964 0.8927046348969541 0.832018037302956 0.5994758980247681
0.17087075004234176 0.9733816099458522 0.7914933937528061 0.6807084973953553
0.03962523676617446 0.9802900417871648 0.9603217538958121 0.4981541658748034
0.048685267787644475 0.9090010966116676 0.9204273641477463 0.4424187092517149
0.06253543012123569 0.9980461805434397 0.9938856811423759 0.4731721390563745
0.04358795094157112 0.9218945017751963 0.8264450814249392 0.47697401639074377
0.041954339187963374 0.9447430509978312 0.8661323091558006 0.45208039769955327
0.06937488966204747 0.9001739800245843 0.8524021531617686 0.42024652342942526
0.06358753344943323 0.9512331962683659 0.9324805882834555 0.4270992864719377
0.05270764540096114 0.9235301571304192 0.9428281953481294 0.4897106530145132
0.04944354180360003 0.929909353563735 0.8970239683985 0.4365059291238204
0.03912701000925117 0.9622831054088723 0.80980102350641 0.40006993376937267
0.06260337751802836 0.9994244056723465 0.8595314786877439 0.4850469327277313
0.0376717544010467 0.9835512732242269 0.8512691889222099 0.4140940825372373
0.06858681955340533 0.9529693500029863 0.9979681324069303 0.42015016416209405
0.06359525880344717 0.9856549400698849 0.9169284023153962 0.40004177121942563
0.06534862192255275 0.939490785974007 0.8438669233437676 0.4422462604846778
0.0632663940589846 0.9818510518555613 0.8343425665981069 0.4258573232510082
0.0554282184446354 0.9955862984580836 0.9777340645102109 0.48289665300721707
0.03442695966895514 0.9169285247813135 0.870315076283648 0.4868766664969768
0.06855434339693202 0.994557494413422 0.9410110367826674 0.4234231915668288
